100
91 59 14
60 57 15
12 3 12
16 58 11
94 77 8
97 20 4
37 7 17
57 94 12
70 38 3
97 100 7
76 38 10
16 61 4
77 6 4
86 31 10
48 13 8
75 38 1
25 80 17
98 78 4
42 57 18
96 95 16
12 94 17
81 35 10
74 89 8
18 69 14
67 11 3
23 59 16
73 26 7
77 50 18
17 79 0
76 64 9
98 9 1
48 61 16
19 49 7
80 81 16
96 39 4
92 81 1
98 0 11
57 30 12
44 19 13
22 70 3
75 30 16
34 59 3
15 28 9
87 51 9
42 42 17
63 55 13
29 32 15
23 66 17
36 42 13
78 64 3
48 78 4
1 41 0
50 28 13
38 23 12
73 1 3
34 79 16
43 72 10
11 42 3
72 50 12
65 83 15
78 57 6
35 96 17
57 64 6
25 9 8
53 76 4
24 91 18
13 45 12
57 64 10
64 64 2
40 47 11
95 11 6
30 8 6
100 25 13
16 95 13
44 77 2
44 89 18
90 34 5
37 7 15
90 10 6
71 53 14
62 55 18
49 36 16
31 80 14
10 47 18
75 56 2
38 34 17
71 25 10
49 13 13
16 38 11
26 19 14
56 45 12
94 88 12
73 7 14
50 3 18
47 59 2
60 12 16
22 65 10
85 93 2
4 5 1
47 81 6
