100
100 100 0
100 100 1
100 100 2
100 100 3
100 100 4
100 100 5
100 100 6
100 100 7
100 100 8
100 100 9
100 100 10
100 100 11
100 100 12
100 100 13
100 100 14
100 100 15
100 100 16
100 100 17
100 100 18
0 0 0
0 21 4
0 67 4
0 77 16
0 31 3
0 0 9
0 51 9
0 86 11
0 45 14
0 14 16
0 1 5
89 0 10
15 0 9
10 0 12
87 0 4
18 0 3
83 0 1
45 0 12
38 0 0
86 0 7
76 0 16
51 25 0
49 19 0
12 50 0
25 0 0
49 50 0
93 35 0
22 12 0
27 40 0
35 1 0
69 47 0
77 38 0
2 41 0
45 52 0
78 98 0
16 18 0
25 61 0
73 95 0
17 12 0
71 37 0
88 8 0
100 26 12
100 83 13
100 1 11
100 23 15
100 9 12
100 8 13
100 18 6
100 41 3
100 54 11
100 67 5
16 100 3
53 100 0
2 100 0
31 100 10
46 100 5
29 100 4
95 100 7
9 100 11
48 100 13
100 100 16
6 100 6
3 100 10
3 100 15
7 100 16
6 100 6
8 100 12
10 100 15
2 100 18
7 100 14
7 100 13
7 35 7
9 79 9
17 99 17
3 53 3
12 15 12
6 77 6
7 96 7
3 33 3
16 19 16
10 71 10
